[gd_scene load_steps=5 format=3 uid="uid://baqpwbtuws2w6"]

[ext_resource type="Script" path="res://scripts/ramp.gd" id="1_st3mv"]
[ext_resource type="PackedScene" uid="uid://daohb45xnnvsf" path="res://scenes/death_zone.tscn" id="2_ult7s"]
[ext_resource type="Material" uid="uid://8jkcngsq66dd" path="res://textures/ground.tres" id="3_kpniu"]

[sub_resource type="BoxShape3D" id="BoxShape3D_m6dv7"]
size = Vector3(30, 7.10547, 60)

[node name="Node3D5" type="Node3D"]
script = ExtResource("1_st3mv")

[node name="DeathZone" parent="." instance=ExtResource("2_ult7s")]
transform = Transform3D(100, 0, 0, 0, 97.4366, -22.4968, 0, 22.4968, 97.4366, 0, -32.2795, 15.0409)

[node name="Ramp" type="Node3D" parent="."]

[node name="Floor2" type="StaticBody3D" parent="Ramp"]
transform = Transform3D(1, 0, 0, 0, 1, 0, 0, 0, 1, -5, -15.862, -73.818)

[node name="CSGBox3D" type="CSGBox3D" parent="Ramp/Floor2"]
transform = Transform3D(0.866018, 0.499996, -2.59528e-08, -0.475524, 0.823632, -0.309017, -0.154507, 0.267614, 0.951056, 0.536676, 7.98196, 98.832)
size = Vector3(30, 5.43674, 60)
material = ExtResource("3_kpniu")

[node name="CollisionShape3D" type="CollisionShape3D" parent="Ramp/Floor2"]
transform = Transform3D(0.866017, 0.499996, -2.5953e-08, -0.475524, 0.823632, -0.309017, -0.154507, 0.267614, 0.951056, 5.5876e-06, 7.32878, 98.6067)
shape = SubResource("BoxShape3D_m6dv7")

[node name="GPUParticlesCollisionBox3D" type="GPUParticlesCollisionBox3D" parent="Ramp/Floor2"]
transform = Transform3D(0.866016, 0.499995, -1.401e-07, -0.475523, 0.823631, -0.309017, -0.154507, 0.267614, 0.951055, 0, 6.89231, 98.4897)
size = Vector3(30, 8.00903, 60)

[node name="DeathZone2" parent="." instance=ExtResource("2_ult7s")]
transform = Transform3D(169.139, 0, 0, 0, 164.803, -38.0509, 0, 38.0509, 164.803, 0, -65.125, -4.10777)
